76561197960265730
76561197960265731
76561197960265733
76561197960265738
76561197960265740
76561197960265743
76561197960265744
76561197960265745
76561197960265747
76561197960265749
76561197960265751
76561197960265752
76561197960265754
76561197960265758
76561197960265767
76561197960265838
76561197960265841
76561197960265916
76561197960265942
76561197960267185
76561197960267805
76561197960267888
76561197960268093
76561197960268165
76561197960268519
76561197960269015
76561197960269040
76561197960269198
76561197960269208
76561197960269258
76561197960269314
76561197960269326
76561197960269445
76561197960269474
76561197960269483
76561197960269488
76561197960269493
76561197960269551
76561197960269582
76561197960269607
76561197960269609
76561197960269618
76561197960269626
76561197960269668
76561197960269688
76561197960269698
76561197960269738
76561197960269742
76561197960269874
76561197960269892
76561197960269900
76561197960269902
76561197960269911
76561197960269922
76561197960269931
76561197960269994
76561197960270021
76561197960270071
76561197960270105
76561197960270112
76561197960270134
76561197960270140
76561197960270258
76561197960270325
76561197960270340
76561197960270366
76561197960270423
76561197960270439
76561197960270456
76561197960270457
76561197960270532
76561197960270577
76561197960270631
76561197960270641
76561197960270646
76561197960270778
76561197960270781
76561197960270793
76561197960270862
76561197960270989
76561197960271016
76561197960271083
76561197960271119
76561197960271269
76561197960271274
76561197960271281
76561197960271426
76561197960271459
76561197960271495
76561197960271658
76561197960271661
76561197960271666
76561197960271683
76561197960271699
76561197960271732
76561197960271788
76561197960271801
76561197960271812
76561197960271989
76561197960272018
76561197960272029
76561197960272121
76561197960272123
76561197960272218
76561197960272229
76561197960272235
76561197960272295
76561197960272301
76561197960272398
76561197960272417
76561197960272544
76561197960272567
76561197960272576
76561197960272602
76561197960272607
76561197960272635
76561197960272682
76561197960272882
76561197960272890
76561197960272940
76561197960273144
76561197960273183
76561197960273250
76561197960273288
76561197960273385
76561197960273393
76561197960273400
76561197960273489
76561197960273498
76561197960273543
76561197960273576
76561197960273606
76561197960273814
76561197960273890
76561197960273958
76561197960273963
76561197960274004
76561197960274006
76561197960274020
76561197960274022
76561197960274290
76561197960274310
76561197960274316
76561197960274345
76561197960274420
76561197960274488
76561197960274521
76561197960274529
76561197960274878
76561197960275006
76561197960275076
76561197960275082
76561197960275138
76561197960275251
76561197960275326
76561197960275369
76561197960275506
76561197960275542
76561197960275588
76561197960275707
76561197960275716
76561197960275720
76561197960275943
76561197960276219
76561197960276281
76561197960276407
76561197960276470
76561197960276645
76561197960276662
76561197960276863
76561197960276894
76561197960276973
76561197960277084
76561197960277126
76561197960277175
76561197960277190
76561197960277227
76561197960277275
76561197960277295
76561197960277524
76561197960277637
76561197960277670
76561197960277726
76561197960277923
76561197960277988
76561197960278004
76561197960278189
76561197960278366
76561197960278671
76561197960278907
76561197960279053
76561197960279106
76561197960279400
76561197960279482
76561197960279601
76561197960279631
76561197960279689
76561197960279754
76561197960279763
76561197960279787
76561197960279820
76561197960279927
76561197960280109
76561197960280251
76561197960280876
76561197960281075
76561197960281192
76561197960281253
76561197960281313
76561197960281385
76561197960281539
76561197960281850
76561197960282696
76561197960282709
76561197960282791
76561197960282885
76561197960283048
76561197960283134
76561197960283672
76561197960283754
76561197960284265
76561197960284421
76561197960284752
76561197960284943
76561197960285008
76561197960285276
76561197960285361
76561197960285522
76561197960285963
76561197960286681
76561197960286784
76561197960286790
76561197960286918
76561197960286924
76561197960286941
76561197960287415
76561197960287428
76561197960287500
76561197960287506
76561197960287536
76561197960287556
76561197960287930
76561197960288216
76561197960288309
76561197960288521
76561197960288871
76561197960288877
76561197960289251
76561197960289663
76561197960290427
76561197960290439
76561197960290447
76561197960290693
76561197960290694
76561197960290936
76561197960291456
76561197960291611
76561197960294884
76561197960295006
76561197960296182
76561197960296375
76561197960296532
76561197960296864
76561197960297457
76561197960297595
76561197960297990
76561197960298162
76561197960298324
76561197960299337
76561197960299622
76561197960300704
76561197960301086
76561197960301540
76561197960302271
76561197960302794
76561197960303286
76561197960303297
76561197960304545
76561197960304647
76561197960304906
76561197960304942
76561197960305011
76561197960305386
76561197960306057
76561197960306886
76561197960307028
76561197960307259
76561197960307429
76561197960307672
76561197960309068
76561197960309219
76561197960310660
76561197960312247
76561197960312899
76561197960313147
76561197960313274
76561197960313394
76561197960313435
76561197960313704
76561197960314129
76561197960314649
76561197960314670
76561197960314874
76561197960315033
76561197960315256
76561197960316159
76561197960316936
76561197960317404
76561197960317522
76561197960317684
76561197960318218
76561197960318757
76561197960318875
76561197960319294
76561197960319798
76561197960319865
76561197960321052
76561197960321092
76561197960321185
76561197960321981
76561197960322008
76561197960323286
76561197960323710
76561197960323774
76561197960324197
76561197960324892
76561197960325339
76561197960325774
76561197960326385
76561197960327087
76561197960327205
76561197960327271
76561197960327485
76561197960328436
76561197960328571
76561197960329098
76561197960329204
76561197960329210
76561197960330502
76561197960331997
76561197960333589
76561197960335309
76561197960336145
76561197960336950
76561197960337238
76561197960337265
76561197960337280
76561197960337812
76561197960338092
76561197960338336
76561197960339901
76561197960339946
76561197960341370
76561197960342658
76561197960342780
76561197960342797
76561197960343048
76561197960343511
76561197960343600
76561197960343708
76561197960343804
76561197960343811
76561197960344125
76561197960344279
76561197960344321
76561197960344514
76561197960345045
76561197960345465
76561197960346057
76561197960346263
76561197960346338
76561197960347089
76561197960347211
76561197960347343
76561197960347690
76561197960348091
76561197960348173
76561197960349508
76561197960350563
76561197960351534
76561197960351813
76561197960351902
76561197960352200
76561197960352536
76561197960353209
76561197960353486
76561197960353633
76561197960354231
76561197960355313
76561197960355434
76561197960355467
76561197960357189
76561197960357397
76561197960357675
76561197960357752
76561197960357765
76561197960357774
76561197960358612
76561197960358880
76561197960359012
76561197960359661
76561197960359792
76561197960359976
76561197960361600
76561197960362403
76561197960362833
76561197960363067
76561197960363335
76561197960363442
76561197960363605
76561197960364193
76561197960364449
76561197960366205
76561197960366419
76561197960366662
76561197960366915
76561197960367185
76561197960367384
76561197960367399
76561197960367722
76561197960368909
76561197960369344
76561197960370937
76561197960371192
76561197960371811
76561197960373112
76561197960374440
76561197960374661
76561197960375098
76561197960375369
76561197960375543
76561197960376186
76561197960376288
76561197960376488
76561197960376851
76561197960376856
76561197960377089
76561197960377350
76561197960377747
76561197960378324
76561197960379998
76561197960380239
76561197960380658
76561197960380690
76561197960380712
76561197960381655
76561197960381818
76561197960382895
76561197960383282
76561197960383289
76561197960383643
76561197960383691
76561197960383749
76561197960384116
76561197960384467
76561197960385949
76561197960386258
76561197960386313
76561197960386559
76561197960386967
76561197960386976
76561197960387027
76561197960389002
76561197960389020
76561197960389519
76561197960389850
76561197960389863
76561197960390736
76561197960390789
76561197960392057
76561197960392325
76561197960392503
76561197960392515
76561197960392783
76561197960393894
76561197960394060
76561197960394084
76561197960394179
76561197960394289
76561197960394320
76561197960394475
76561197960394624
76561197960394793
76561197960396236
76561197960396319
76561197960396904
76561197960396983
76561197960397120
76561197960397207
76561197960397614
76561197960397769
76561197960397983
76561197960398072
76561197960398266
76561197960398643
76561197960398798
76561197960398963
76561197960399088
76561197960399123
76561197960399127
76561197960400232
76561197960400250
76561197960400263
76561197960400354
76561197960400972
76561197960401392
76561197960402283
76561197960402380
76561197960403097
76561197960403204
76561197960403366
76561197960403806
76561197960403906
76561197960404059
76561197960404070
76561197960404375
76561197960404400
76561197960404629
76561197960404668
76561197960404892
76561197960405252
76561197960405669
76561197960405870
76561197960406085
76561197960406173
76561197960407361
76561197960407539
76561197960407562
76561197960407979
76561197960408176
76561197960408205
76561197960408987
76561197960409069
76561197960410103
76561197960410107
76561197960410199
76561197960410538
76561197960410593
76561197960411309
76561197960411603
76561197960411609
76561197960411932
76561197960411994
76561197960412326
76561197960412832
76561197960412897
76561197960413013
76561197960413299
76561197960413307
76561197960413671
76561197960413763
76561197960413967
76561197960414370
76561197960414635
76561197960414693
76561197960414805
76561197960414929
76561197960415079
76561197960415189
76561197960415803
76561197960415843
76561197960415993
76561197960416074
76561197960416745
76561197960417058
76561197960417099
76561197960417142
76561197960417844
76561197960417890
76561197960417895
76561197960418316
76561197960418836
76561197960419062
76561197960419891
76561197960420286
76561197960420342
76561197960420790
76561197960420953
76561197960421268
76561197960421559
76561197960421757
76561197960421782
76561197960422266
76561197960422467
76561197960422798
76561197960422805
76561197960422849
76561197960422954
76561197960423066
76561197960423733
76561197960423941
76561197960424162
76561197960424231
76561197960424242
76561197960424323
76561197960424488
76561197960425219
76561197960425316
76561197960426540
76561197960426881
76561197960426926
76561197960427318
76561197960427706
76561197960427733
76561197960427847
76561197960427897
76561197960428652
76561197960428708
76561197960428912
76561197960429312
76561197960429328
76561197960429505
76561197960429650
76561197960430112
76561197960430567
76561197960431339
76561197960431605
76561197960431821
76561197960432448
76561197960432634
76561197960432967
76561197960432969
76561197960433515
76561197960434048
76561197960434416
76561197960434622
76561197960435530
76561197960436250
76561197960437522
76561197960438099
76561197960438222
76561197960439109
76561197960440028
76561197960440216
76561197960440552
76561197960440710
76561197960440949
76561197960441001
76561197960441504
76561197960441684
76561197960442313
76561197960442370
76561197960442683
76561197960442770
76561197960443112
76561197960443145
76561197960443954
76561197960444000
76561197960444102
76561197960444217
76561197960444228
76561197960445457
76561197960445553
76561197960445778
76561197960446290
76561197960446528
76561197960446577
76561197960446640
76561197960446905
76561197960446970
76561197960447131
76561197960447296
76561197960447516
76561197960447618
76561197960448706
76561197960448962
76561197960449110
76561197960449416
76561197960449527
76561197960449658
76561197960449715
76561197960450415
76561197960450432
76561197960450819
76561197960450994
76561197960451031
76561197960451081
76561197960451234
76561197960451241
76561197960451246
76561197960451455
76561197960451592
76561197960451924
76561197960452065
76561197960452488
76561197960452504
76561197960452879
76561197960452975
76561197960452983
76561197960453059
76561197960453096
76561197960453204
76561197960453261
76561197960453277
76561197960453516
76561197960453556
76561197960453727
76561197960453733
76561197960453974
76561197960454258
76561197960454574
76561197960455256
76561197960455683
76561197960456106
76561197960456527
76561197960457506
76561197960458228
76561197960458229
76561197960458354
76561197960458725
76561197960458749
76561197960459148
76561197960459336
76561197960459900
76561197960460573
76561197960460916
76561197960461026
76561197960462292
76561197960462483
76561197960462692
76561197960463205
76561197960463738
76561197960463845
76561197960463916
76561197960464006
76561197960464211
76561197960464439
76561197960464481
76561197960464536
76561197960464852
76561197960465301
76561197960465305
76561197960465342
76561197960465471
76561197960465545
76561197960466568
76561197960466889
76561197960467943
76561197960468127
76561197960468328
76561197960468815
76561197960468864
76561197960470302
76561197960470622
76561197960471080
76561197960471387
76561197960472165
76561197960472521
76561197960474033
76561197960474192
76561197960474355
76561197960474435
76561197960474604
76561197960475239
76561197960477774
76561197960479536
76561197960479739
76561197960479975
76561197960480341
76561197960480422
76561197960480447
76561197960480556
76561197960480804
76561197960483021
76561197960483282
76561197960483497
76561197960484792
76561197960486444
76561197960486593
76561197960486909
76561197960487611
76561197960487981
76561197960489233
76561197960489614
76561197960490360
76561197960491361
76561197960491601
76561197960491659
76561197960491862
76561197960492249
76561197960492311
76561197960495237
76561197960497430
76561197960497707
76561197960497792
76561197960497799
76561197960497888
76561197960499454
76561197960501358
76561197960501594
76561197960502245
76561197960502597
76561197960503297
76561197960503379
76561197960504888
76561197960505737
76561197960507773
76561197960508361
76561197960508417
76561197960508699
76561197960508995
76561197960511378
76561197960512505
76561197960512767
76561197960513910
76561197960515896
76561197960516081
76561197960521832
76561197960522471
76561197960522774
76561197960522915
76561197960524921
76561197960526440
76561197960526561
76561197960526630
76561197960529130
76561197960529298
76561197960529422
76561197960530117
76561197960530222
76561197960530542
76561197960530728
76561197960531290
76561197960532754
76561197960532910
76561197960534894
76561197960537817
76561197960538703
76561197960539209
76561197960539563
76561197960539744
76561197960541352
76561197960543155
76561197960543655
76561197960544159
76561197960544232
76561197960544469
76561197960544566
76561197960544804
76561197960545005
76561197960545159
76561197960545974
76561197960546123
76561197960547284
76561197960547966
76561197960548091
76561197960548563
76561197960548631
76561197960548873
76561197960548947
76561197960549564
76561197960549679
76561197960549766
76561197960550279
76561197960550604
76561197960550648
76561197960551179
76561197960551526
76561197960551851
76561197960552018
76561197960552078
76561197960552531
76561197960552536
76561197960552751
76561197960553257
76561197960554154
76561197960554274
76561197960554896
76561197960555245
76561197960555483
76561197960556483
76561197960557156
76561197960557260
76561197960557341
76561197960557383
76561197960557439
76561197960557517
76561197960557529
76561197960557674
76561197960557837
76561197960559099
76561197960559491
76561197960559510
76561197960559599
76561197960559845
76561197960559995
76561197960560510
76561197960560542
76561197960560772
76561197960561268
76561197960561724
76561197960561966
76561197960561988
76561197960562389
76561197960562396
76561197960563367
76561197960563532
76561197960563882
76561197960564402
76561197960564655
76561197960564901
76561197960567293
76561197960568847
76561197960569767
76561197960569792
76561197960570508
76561197960571678
76561197960571767
76561197960572484
76561197960572855
76561197960573242
76561197960574092
76561197960574717
76561197960574928
76561197960574942
76561197960575632
76561197960575737
76561197960576773
76561197960577531
76561197960577975
76561197960578996
76561197960579534
76561197960584991
76561197960592234
76561197960593332
76561197960593702
76561197960596356
76561197960599047
76561197960600216
76561197960601283
76561197960605383
76561197960607216
76561197960609270
76561197960609408
76561197960609782
76561197960610431
76561197960612116
76561197960616516
76561197960621026
76561197960621544
76561197960625835
76561197960632450
76561197960634188
76561197960635999
76561197960638564
76561197960638746
76561197960640220
76561197960644002
76561197960644897
76561197960645550
76561197960646275
76561197960646699
76561197960648039
76561197960648582
76561197960649750
76561197960650101
76561197960656072
76561197960659678
76561197960660036
76561197960660781
76561197960660816
76561197960667262
76561197960667971
76561197960668116
76561197960669897
76561197960670119
76561197960670703
76561197960670867
76561197960670870
76561197960670966
76561197960672406
76561197960673474
76561197960675677
76561197960675818
76561197960676261
76561197960676478
76561197960678245
76561197960679098
76561197960679236
76561197960679411
76561197960679964
76561197960680302
76561197960680658
76561197960680858
76561197960680925
76561197960681159
76561197960681536
76561197960682000
76561197960682108
76561197960682339
76561197960682410
76561197960682505
76561197960683899
76561197960683957
76561197960684605
76561197960685312
76561197960685322
76561197960685401
76561197960686263
76561197960686381
76561197960687115
76561197960687184
76561197960688116
76561197960688320
76561197960688470
76561197960688481
76561197960689645
76561197960690085
76561197960690182
76561197960690861
76561197960691176
76561197960691398
76561197960691580
76561197960691608
76561197960692485
76561197960692679
76561197960693699
76561197960694997
76561197960695081
76561197960695556
76561197960695857
76561197960696319
76561197960696798
76561197960698135
76561197960698504
76561197960699124
76561197960699620
76561197960700209
76561197960700332
76561197960700582
76561197960701512
76561197960701982
76561197960704646
76561197960705130
76561197960705632
76561197960706761
76561197960709151
76561197960710165
76561197960711989
76561197960713200
76561197960714652
76561197960717883
76561197960719330
76561197960720821
76561197960723899
76561197960726507
76561197960727091
76561197960738805
76561197960741233
76561197960742129
76561197960747885
76561197960750941
76561197960751745
76561197960752067
76561197960752207
76561197960753781
76561197960755297
76561197960759548
76561197960759857
76561197960774348
76561197960775060
76561197960776767
76561197960777716
76561197960778757
76561197960778929
76561197960779333
76561197960779433
76561197960779568
76561197960779596
76561197960779634
76561197960779883
76561197960780038
76561197960782001
76561197960782487
76561197960782594
76561197960783738
76561197960783801
76561197960784488
76561197960784866
76561197960784892
76561197960785364
76561197960785824
76561197960786007
76561197960786857
76561197960787322
76561197960787850
76561197960787979
76561197960788044
76561197960788095
76561197960788996
76561197960789164
76561197960789466
76561197960789690
76561197960789722
76561197960789849
76561197960789967
76561197960789988
76561197960790668
76561197960791355
76561197960792104
76561197960793691
76561197960793868
76561197960794043
76561197960794303
76561197960794555
76561197960794785
76561197960795030
76561197960795455
76561197960795666
76561197960796695
76561197960798201
76561197960798645
76561197960798687
76561197960799577
76561197960799782
76561197960800054
76561197960801481
76561197960803914
76561197960807382
76561197960809724
76561197960811157
76561197960812044
76561197960812719
76561197960814248
76561197960816838
76561197960817353
76561197960818421
76561197960820685
76561197960821317
76561197960823162
76561197960824307
76561197960830560
76561197960832542
76561197960840781
76561197960841817
76561197960844452
76561197960845998
76561197960846195
76561197960847972
76561197960848864
76561197960849802
76561197960852280
76561197960852588
76561197960852791
76561197960854484
76561197960856451
76561197960856487
76561197960858138
76561197960859162
76561197960859687
76561197960859880
76561197960860649
76561197960860816
76561197960861216
76561197960861863
76561197960863735
76561197960863792
76561197960865626
76561197960866027
76561197960866387
76561197960868205
76561197960869666
76561197960871881
76561197960872131
76561197960873223
76561197960873337
76561197960874841
76561197960875213
76561197960875318
76561197960875786
76561197960875906
76561197960876169
76561197960876378
76561197960876862
76561197960877070
76561197960877261
76561197960877507
76561197960878063
76561197960878557
76561197960879472
76561197960880103
76561197960880332
76561197960881108
76561197960881157
76561197960884202
76561197960884454
76561197960884515
76561197960887919
76561197960889036
76561197960889491
76561197960890780
76561197960892252
76561197960892769
76561197960894671
76561197960903122
76561197960908442
76561197960914803
76561197960916848
76561197960917911
76561197960918264
76561197960919389
76561197960922928
76561197960923869
76561197960928963
76561197960935214
76561197960935483
76561197960935684
76561197960935892
76561197960936902
76561197960938180
76561197960938406
76561197960941034
76561197960941322
76561197960943648
76561197960943649
76561197960944505
76561197960944885
76561197960945153
76561197960947056
76561197960947595
76561197960948024
76561197960948593
76561197960948609
76561197960948801
76561197960948808
76561197960949208
76561197960949413
76561197960949507
76561197960950014
76561197960950104
76561197960951084
76561197960951697
76561197960951823
76561197960953218
76561197960953863
76561197960953960
76561197960955641
76561197960956468
76561197960957241
76561197960958019
76561197960958205
76561197960958730
76561197960960648
76561197960961421
76561197960961586
76561197960962002
76561197960963679
76561197960966693
76561197960967633
76561197960968891
76561197960972718
76561197960973601
76561197960975009
76561197960981799
76561197960986235
76561197960988751
76561197960989173
76561197960990534
76561197960990984
76561197960991187
76561197960992542
76561197960992591
76561197960994679
76561197960999263
76561197961001996
76561197961002812
76561197961004348
76561197961005562
76561197961011087
76561197961011709
76561197961013173
76561197961015624
76561197961016107
76561197961018362
76561197961018504
76561197961019180
76561197961019457
76561197961021014
76561197961021305
76561197961022551
76561197961022554
76561197961024371
76561197961025895
76561197961027983
76561197961028425
76561197961029909
76561197961031468
76561197961032818
76561197961034147
76561197961034708
76561197961035760
76561197961036066
76561197961036470
76561197961039011
76561197961041691
76561197961043327
76561197961043595
76561197961044553
76561197961046243
76561197961046828
76561197961047066
76561197961048326
76561197961056423
76561197961062311
76561197961063749
76561197961066401
76561197961072365
76561197961075652
76561197961078192
76561197961079144
76561197961080645
76561197961082108
76561197961085181
76561197961085244
76561197961085458
76561197961086040
76561197961088201
76561197961090932
76561197961092612
76561197961092992
76561197961093932
76561197961094662
76561197961098224
76561197961098409
76561197961098467
76561197961098889
76561197961099769
76561197961100805
76561197961101861
76561197961102181
76561197961102600
76561197961103858
76561197961103881
76561197961105061
76561197961108305
76561197961108596
76561197961108628
76561197961108642
76561197961110276
76561197961110533
76561197961112539
76561197961112928
76561197961117068
76561197961118905
76561197961121342
76561197961124186
76561197961124314
76561197961129561
76561197961129671
76561197961131869
76561197961132521
76561197961136067
76561197961137116
76561197961137752
76561197961138485
76561197961139756
76561197961141160
76561197961141640
76561197961145286
76561197961146527
76561197961147040
76561197961147498
76561197961147515
76561197961147779
76561197961149324
76561197961149857
76561197961150366
76561197961150785
76561197961152826
76561197961153792
76561197961154336
76561197961155733
76561197961156937
76561197961157062
76561197961158393
76561197961158575
76561197961159426
76561197961159805
76561197961162493
76561197961163948
76561197961165065
76561197961165333
76561197961166517
76561197961168190
76561197961170234
76561197961170884
76561197961174771
76561197961175720
76561197961177738
76561197961180166
76561197961181016
76561197961182750
76561197961184427
76561197961189063
76561197961189944
76561197961196639
76561197961198346
76561197961200377
76561197961200632
76561197961202213
76561197961202400
76561197961204195
76561197961205094
76561197961209264
76561197961212706
76561197961213361
76561197961213536
76561197961214172
76561197961214900
76561197961215352
76561197961215448
76561197961216401
76561197961217712
76561197961217994
76561197961218948
76561197961222231
76561197961224653
76561197961225120
76561197961225165
76561197961225562
76561197961225830
76561197961226805
76561197961227991
76561197961228127
76561197961228547
76561197961231703
76561197961249022
76561197961249165
76561197961249442
76561197961253961
76561197961257652
76561197961260256
76561197961262843
76561197961264589
76561197961265586
76561197961266302
76561197961267165
76561197961268582
76561197961269679
76561197961271164
76561197961271608
76561197961271685
76561197961272779
76561197961272890
76561197961272955
76561197961273727
76561197961275411
76561197961276842
76561197961277217
76561197961279873
76561197961279944
76561197961280601
76561197961281501
76561197961281927
76561197961284655
76561197961284842
76561197961287018
76561197961290070
76561197961291361
76561197961293262
76561197961293310
76561197961298542
76561197961298870
76561197961299378
76561197961301890
76561197961302949
76561197961306149
76561197961307529
76561197961307882
76561197961310869
76561197961312079
76561197961313108
76561197961313120
76561197961314629
76561197961315851
76561197961316991
76561197961317972
76561197961318010
76561197961319438
76561197961319544
76561197961320462
76561197961320817
76561197961320900
76561197961321187
76561197961321744
76561197961322139
76561197961322701
76561197961324655
76561197961324858
76561197961325084
76561197961326133
76561197961326296
76561197961326990
76561197961327388
76561197961327997
76561197961328080
76561197961329340
76561197961329672
76561197961333878
76561197961335015
76561197961338757
76561197961342388
76561197961344147
76561197961348698
76561197961350817
76561197961351041
76561197961353490
76561197961354969
